key,0,1,2,3,4,5,6,7,8,9,10,11,12,13,14,15,16,17,18,19,20
#,,,,,,,,,,,,,,,,,,,,,
int32,uint16,uint16,uint16,uint16,uint16,uint16,uint16,uint16,uint16,uint16,uint16,uint16,uint16,uint16,uint16,uint16,uint16,uint16,uint16,uint16,uint16
0,0,156,958,156,956,957,958,0,819,959,961,960,1077,1162,0,100,300,300,300,100,400
1,819,0,819,819,819,819,819,156,0,959,961,960,1077,1162,100,0,1740,100,1622,1029,1840
2,959,959,0,959,959,959,959,958,819,0,961,960,1077,1162,300,1740,0,1940,2508,1621,100
3,961,961,961,0,961,961,961,156,819,959,0,960,1077,1162,300,100,1940,0,1822,1229,2040
4,960,960,960,960,0,960,960,956,819,959,961,0,1077,1162,300,1622,2508,1822,0,2034,2608
5,1077,1077,1077,1077,1077,0,1077,957,819,959,961,960,0,1162,100,1029,1621,1229,2034,0,1721
6,1162,1162,1162,1162,1162,1162,0,958,819,959,961,960,1077,0,400,1840,100,2040,2608,1721,0
